2.449000000000000000e+03
2.951000000000000000e+03
2.712000000000000000e+03
2.453000000000000000e+03
2.406000000000000000e+03
2.337000000000000000e+03
3.218000000000000000e+03
2.475000000000000000e+03
2.993000000000000000e+03
2.629000000000000000e+03
2.801000000000000000e+03
2.982000000000000000e+03
2.433000000000000000e+03
2.864000000000000000e+03
2.446000000000000000e+03
3.287000000000000000e+03
2.492000000000000000e+03
3.285000000000000000e+03
2.770000000000000000e+03
2.822000000000000000e+03
3.035000000000000000e+03
2.920000000000000000e+03
2.881000000000000000e+03
2.602000000000000000e+03
2.718000000000000000e+03
2.543000000000000000e+03
2.983000000000000000e+03
2.775000000000000000e+03
2.338000000000000000e+03
2.691000000000000000e+03
3.148000000000000000e+03
3.009000000000000000e+03
2.388000000000000000e+03
3.073000000000000000e+03
3.318000000000000000e+03
3.010000000000000000e+03
2.599000000000000000e+03
3.325000000000000000e+03
3.150000000000000000e+03
3.155000000000000000e+03
2.674000000000000000e+03
3.064000000000000000e+03
2.492000000000000000e+03
3.023000000000000000e+03
3.269000000000000000e+03
2.337000000000000000e+03
2.551000000000000000e+03
2.715000000000000000e+03
2.886000000000000000e+03
3.199000000000000000e+03
2.779000000000000000e+03
2.328000000000000000e+03
2.669000000000000000e+03
2.824000000000000000e+03
3.152000000000000000e+03
2.818000000000000000e+03
2.437000000000000000e+03
2.857000000000000000e+03
2.978000000000000000e+03
2.940000000000000000e+03
3.070000000000000000e+03
2.355000000000000000e+03
2.617000000000000000e+03
2.418000000000000000e+03
3.149000000000000000e+03
2.886000000000000000e+03
2.314000000000000000e+03
2.888000000000000000e+03
3.153000000000000000e+03
2.452000000000000000e+03
3.011000000000000000e+03
2.904000000000000000e+03
3.141000000000000000e+03
2.544000000000000000e+03
2.613000000000000000e+03
2.711000000000000000e+03
2.712000000000000000e+03
2.979000000000000000e+03
2.985000000000000000e+03
2.689000000000000000e+03
2.745000000000000000e+03
2.816000000000000000e+03
2.378000000000000000e+03
2.635000000000000000e+03
2.597000000000000000e+03
2.874000000000000000e+03
3.037000000000000000e+03
2.363000000000000000e+03
2.539000000000000000e+03
2.329000000000000000e+03
2.395000000000000000e+03
3.093000000000000000e+03
2.822000000000000000e+03
2.488000000000000000e+03
3.270000000000000000e+03
3.006000000000000000e+03
2.392000000000000000e+03
2.507000000000000000e+03
3.046000000000000000e+03
3.189000000000000000e+03
