1.884000000000000000e+04
1.926500000000000000e+04
1.905700000000000000e+04
1.884600000000000000e+04
1.880400000000000000e+04
1.961500000000000000e+04
1.874000000000000000e+04
1.950200000000000000e+04
1.886200000000000000e+04
1.930500000000000000e+04
1.897700000000000000e+04
1.912800000000000000e+04
1.929600000000000000e+04
1.882200000000000000e+04
1.918400000000000000e+04
1.883700000000000000e+04
1.956800000000000000e+04
1.887200000000000000e+04
1.956600000000000000e+04
1.910100000000000000e+04
1.970300000000000000e+04
1.914700000000000000e+04
1.933400000000000000e+04
1.923700000000000000e+04
1.920200000000000000e+04
1.894900000000000000e+04
1.906300000000000000e+04
1.891300000000000000e+04
1.929700000000000000e+04
1.910600000000000000e+04
1.874100000000000000e+04
1.902700000000000000e+04
1.967700000000000000e+04
1.942100000000000000e+04
1.931500000000000000e+04
1.878900000000000000e+04
1.935400000000000000e+04
1.958900000000000000e+04
1.931600000000000000e+04
1.961400000000000000e+04
1.894700000000000000e+04
1.959400000000000000e+04
1.942800000000000000e+04
1.943200000000000000e+04
1.901300000000000000e+04
1.934800000000000000e+04
1.887200000000000000e+04
1.932700000000000000e+04
1.954500000000000000e+04
1.874000000000000000e+04
1.892100000000000000e+04
1.906000000000000000e+04
1.920400000000000000e+04
1.948500000000000000e+04
1.910900000000000000e+04
1.873300000000000000e+04
1.901000000000000000e+04
1.971100000000000000e+04
1.914900000000000000e+04
1.943000000000000000e+04
1.914200000000000000e+04
1.882700000000000000e+04
1.917800000000000000e+04
1.929100000000000000e+04
1.925300000000000000e+04
1.935200000000000000e+04
1.971000000000000000e+04
1.875400000000000000e+04
1.896700000000000000e+04
1.881500000000000000e+04
1.942400000000000000e+04
1.920400000000000000e+04
1.871900000000000000e+04
1.920600000000000000e+04
1.943100000000000000e+04
1.884500000000000000e+04
1.970500000000000000e+04
1.931700000000000000e+04
1.961700000000000000e+04
1.922100000000000000e+04
1.965200000000000000e+04
1.941200000000000000e+04
1.891500000000000000e+04
1.896000000000000000e+04
1.905600000000000000e+04
1.905700000000000000e+04
1.929200000000000000e+04
1.929900000000000000e+04
1.964900000000000000e+04
1.902600000000000000e+04
1.961600000000000000e+04
1.908700000000000000e+04
1.964700000000000000e+04
1.964000000000000000e+04
1.967800000000000000e+04
1.914000000000000000e+04
1.877900000000000000e+04
1.897900000000000000e+04
1.969600000000000000e+04
1.894500000000000000e+04
