1.824000000000000000e+03
2.234000000000000000e+03
2.026000000000000000e+03
1.828000000000000000e+03
1.785000000000000000e+03
2.573000000000000000e+03
1.729000000000000000e+03
2.471000000000000000e+03
1.847000000000000000e+03
2.271000000000000000e+03
1.953000000000000000e+03
2.104000000000000000e+03
2.261000000000000000e+03
1.808000000000000000e+03
2.154000000000000000e+03
1.821000000000000000e+03
2.527000000000000000e+03
1.857000000000000000e+03
2.525000000000000000e+03
2.075000000000000000e+03
2.663000000000000000e+03
2.121000000000000000e+03
2.304000000000000000e+03
2.209000000000000000e+03
2.703000000000000000e+03
2.172000000000000000e+03
1.928000000000000000e+03
2.036000000000000000e+03
1.887000000000000000e+03
2.262000000000000000e+03
2.081000000000000000e+03
1.730000000000000000e+03
1.997000000000000000e+03
2.634000000000000000e+03
2.399000000000000000e+03
2.280000000000000000e+03
1.771000000000000000e+03
2.330000000000000000e+03
2.548000000000000000e+03
2.281000000000000000e+03
2.572000000000000000e+03
2.677000000000000000e+03
1.926000000000000000e+03
2.554000000000000000e+03
2.401000000000000000e+03
2.408000000000000000e+03
1.986000000000000000e+03
2.322000000000000000e+03
1.857000000000000000e+03
2.292000000000000000e+03
2.508000000000000000e+03
1.729000000000000000e+03
1.895000000000000000e+03
2.033000000000000000e+03
2.179000000000000000e+03
2.451000000000000000e+03
2.084000000000000000e+03
1.722000000000000000e+03
1.984000000000000000e+03
2.671000000000000000e+03
2.123000000000000000e+03
2.404000000000000000e+03
2.116000000000000000e+03
1.812000000000000000e+03
2.146000000000000000e+03
2.254000000000000000e+03
2.224000000000000000e+03
2.328000000000000000e+03
2.670000000000000000e+03
1.746000000000000000e+03
1.944000000000000000e+03
1.797000000000000000e+03
2.400000000000000000e+03
2.179000000000000000e+03
1.710000000000000000e+03
2.181000000000000000e+03
2.407000000000000000e+03
1.827000000000000000e+03
2.665000000000000000e+03
2.283000000000000000e+03
2.575000000000000000e+03
2.197000000000000000e+03
2.613000000000000000e+03
2.392000000000000000e+03
1.888000000000000000e+03
1.939000000000000000e+03
2.025000000000000000e+03
2.026000000000000000e+03
2.258000000000000000e+03
2.265000000000000000e+03
2.609000000000000000e+03
1.996000000000000000e+03
2.574000000000000000e+03
2.061000000000000000e+03
2.605000000000000000e+03
2.597000000000000000e+03
2.635000000000000000e+03
2.114000000000000000e+03
1.765000000000000000e+03
2.686000000000000000e+03
