2.450000000000000000e+03
2.929000000000000000e+03
2.709000000000000000e+03
2.454000000000000000e+03
2.406000000000000000e+03
3.303000000000000000e+03
2.337000000000000000e+03
3.189000000000000000e+03
2.476000000000000000e+03
2.975000000000000000e+03
2.625000000000000000e+03
2.793000000000000000e+03
2.966000000000000000e+03
2.434000000000000000e+03
2.855000000000000000e+03
2.447000000000000000e+03
3.254000000000000000e+03
2.492000000000000000e+03
3.252000000000000000e+03
2.757000000000000000e+03
2.815000000000000000e+03
3.011000000000000000e+03
2.902000000000000000e+03
2.868000000000000000e+03
2.599000000000000000e+03
2.715000000000000000e+03
2.543000000000000000e+03
2.967000000000000000e+03
2.770000000000000000e+03
2.338000000000000000e+03
2.687000000000000000e+03
3.119000000000000000e+03
2.983000000000000000e+03
2.388000000000000000e+03
3.040000000000000000e+03
3.278000000000000000e+03
2.984000000000000000e+03
3.302000000000000000e+03
2.597000000000000000e+03
3.283000000000000000e+03
3.121000000000000000e+03
3.127000000000000000e+03
2.669000000000000000e+03
3.033000000000000000e+03
2.492000000000000000e+03
3.004000000000000000e+03
3.229000000000000000e+03
2.337000000000000000e+03
2.551000000000000000e+03
2.712000000000000000e+03
2.870000000000000000e+03
3.171000000000000000e+03
2.772000000000000000e+03
2.329000000000000000e+03
2.665000000000000000e+03
2.817000000000000000e+03
3.124000000000000000e+03
2.805000000000000000e+03
2.438000000000000000e+03
2.845000000000000000e+03
2.960000000000000000e+03
2.920000000000000000e+03
3.038000000000000000e+03
2.355000000000000000e+03
2.615000000000000000e+03
2.419000000000000000e+03
3.120000000000000000e+03
2.870000000000000000e+03
2.314000000000000000e+03
2.873000000000000000e+03
3.126000000000000000e+03
2.453000000000000000e+03
2.985000000000000000e+03
3.311000000000000000e+03
2.887000000000000000e+03
3.113000000000000000e+03
2.544000000000000000e+03
2.611000000000000000e+03
2.708000000000000000e+03
2.709000000000000000e+03
2.962000000000000000e+03
2.969000000000000000e+03
2.686000000000000000e+03
3.310000000000000000e+03
2.737000000000000000e+03
2.803000000000000000e+03
2.378000000000000000e+03
2.629000000000000000e+03
2.594000000000000000e+03
2.862000000000000000e+03
3.012000000000000000e+03
2.363000000000000000e+03
2.539000000000000000e+03
2.330000000000000000e+03
2.395000000000000000e+03
3.060000000000000000e+03
2.815000000000000000e+03
2.488000000000000000e+03
3.231000000000000000e+03
2.980000000000000000e+03
