1.883800000000000000e+04
1.926000000000000000e+04
1.905500000000000000e+04
1.884400000000000000e+04
1.880300000000000000e+04
1.960600000000000000e+04
1.874000000000000000e+04
1.949900000000000000e+04
1.886000000000000000e+04
1.930200000000000000e+04
1.897500000000000000e+04
1.912800000000000000e+04
1.929300000000000000e+04
1.882100000000000000e+04
1.918100000000000000e+04
1.883500000000000000e+04
1.956000000000000000e+04
1.887200000000000000e+04
1.955700000000000000e+04
1.909800000000000000e+04
1.969500000000000000e+04
1.914600000000000000e+04
1.933200000000000000e+04
1.923400000000000000e+04
1.919900000000000000e+04
1.894600000000000000e+04
1.906100000000000000e+04
1.891100000000000000e+04
1.929400000000000000e+04
1.910400000000000000e+04
1.874100000000000000e+04
1.902600000000000000e+04
1.967000000000000000e+04
1.942100000000000000e+04
1.931300000000000000e+04
1.878800000000000000e+04
1.935300000000000000e+04
1.958100000000000000e+04
1.931400000000000000e+04
1.960500000000000000e+04
1.971000000000000000e+04
1.894400000000000000e+04
1.958800000000000000e+04
1.942300000000000000e+04
1.943000000000000000e+04
1.901300000000000000e+04
1.934600000000000000e+04
1.887200000000000000e+04
1.932500000000000000e+04
1.954100000000000000e+04
1.874000000000000000e+04
1.891800000000000000e+04
1.905800000000000000e+04
1.920100000000000000e+04
1.948300000000000000e+04
1.910600000000000000e+04
1.873300000000000000e+04
1.900900000000000000e+04
1.970300000000000000e+04
1.914800000000000000e+04
1.942800000000000000e+04
1.914100000000000000e+04
1.882600000000000000e+04
1.917500000000000000e+04
1.928700000000000000e+04
1.925100000000000000e+04
1.935000000000000000e+04
1.970200000000000000e+04
1.875400000000000000e+04
1.896100000000000000e+04
1.881200000000000000e+04
1.942200000000000000e+04
1.920100000000000000e+04
1.871900000000000000e+04
1.920300000000000000e+04
1.942900000000000000e+04
1.884300000000000000e+04
1.969700000000000000e+04
1.931500000000000000e+04
1.961000000000000000e+04
1.921900000000000000e+04
1.964400000000000000e+04
1.941200000000000000e+04
1.891200000000000000e+04
1.895700000000000000e+04
1.905400000000000000e+04
1.905500000000000000e+04
1.928800000000000000e+04
1.929700000000000000e+04
1.964100000000000000e+04
1.902500000000000000e+04
1.960900000000000000e+04
1.908400000000000000e+04
1.963900000000000000e+04
1.963100000000000000e+04
1.967200000000000000e+04
1.913800000000000000e+04
1.877900000000000000e+04
1.897800000000000000e+04
1.968800000000000000e+04
