1.824000000000000000e+03
2.234000000000000000e+03
2.029000000000000000e+03
1.828000000000000000e+03
1.785000000000000000e+03
2.577000000000000000e+03
1.729000000000000000e+03
2.466000000000000000e+03
1.847000000000000000e+03
2.271000000000000000e+03
1.955000000000000000e+03
2.106000000000000000e+03
2.261000000000000000e+03
1.808000000000000000e+03
2.156000000000000000e+03
1.821000000000000000e+03
2.527000000000000000e+03
1.857000000000000000e+03
2.525000000000000000e+03
2.076000000000000000e+03
2.667000000000000000e+03
2.122000000000000000e+03
2.301000000000000000e+03
2.210000000000000000e+03
2.179000000000000000e+03
1.929000000000000000e+03
2.037000000000000000e+03
1.888000000000000000e+03
2.262000000000000000e+03
2.082000000000000000e+03
1.730000000000000000e+03
2.000000000000000000e+03
2.638000000000000000e+03
2.393000000000000000e+03
2.280000000000000000e+03
1.771000000000000000e+03
2.329000000000000000e+03
2.548000000000000000e+03
2.281000000000000000e+03
2.576000000000000000e+03
2.681000000000000000e+03
1.927000000000000000e+03
2.554000000000000000e+03
2.399000000000000000e+03
2.404000000000000000e+03
1.987000000000000000e+03
2.321000000000000000e+03
1.857000000000000000e+03
2.292000000000000000e+03
2.509000000000000000e+03
1.729000000000000000e+03
1.896000000000000000e+03
2.034000000000000000e+03
2.181000000000000000e+03
2.449000000000000000e+03
2.085000000000000000e+03
1.722000000000000000e+03
1.984000000000000000e+03
2.675000000000000000e+03
2.127000000000000000e+03
2.401000000000000000e+03
2.117000000000000000e+03
1.812000000000000000e+03
2.148000000000000000e+03
2.254000000000000000e+03
2.224000000000000000e+03
2.327000000000000000e+03
2.674000000000000000e+03
1.746000000000000000e+03
1.946000000000000000e+03
1.797000000000000000e+03
2.398000000000000000e+03
2.181000000000000000e+03
1.710000000000000000e+03
2.183000000000000000e+03
2.403000000000000000e+03
1.827000000000000000e+03
2.670000000000000000e+03
2.283000000000000000e+03
2.581000000000000000e+03
2.198000000000000000e+03
2.614000000000000000e+03
2.387000000000000000e+03
1.889000000000000000e+03
1.941000000000000000e+03
2.026000000000000000e+03
2.029000000000000000e+03
2.257000000000000000e+03
2.265000000000000000e+03
2.610000000000000000e+03
1.997000000000000000e+03
2.579000000000000000e+03
2.062000000000000000e+03
2.608000000000000000e+03
2.601000000000000000e+03
2.641000000000000000e+03
2.115000000000000000e+03
1.765000000000000000e+03
2.693000000000000000e+03
1.957000000000000000e+03
